students2009 <-
structure(list(sex = c(0L, 0L, 0L, 0L, 0L, 0L, 0L, 0L, 1L, 0L, 
0L, 0L, 1L, 0L, 0L, 0L, 0L, 0L, 0L, 0L, 0L, 0L, 0L, 0L, 0L, 0L, 
0L, 0L, 0L, 0L, 0L, 0L, 0L, 0L, 1L, 0L, 0L, 1L, 0L, 0L, 0L, 0L, 
1L, 0L, 0L, 1L, 0L, 0L, 0L, 0L, 0L, 1L, 0L, 1L, 1L, 1L, 0L, 0L, 
1L, 1L, 1L, 0L, 0L, 0L, 0L, 0L, 0L, 1L, 1L, 0L, 0L, 0L, 1L, 1L, 
0L, 0L, 1L, 0L, 0L, 1L, 0L, 0L, 0L, 0L, 0L, 1L, 0L, 0L, 0L, 0L, 
0L, 0L, 0L, 0L, 0L, 1L, 0L, 0L, 0L, 0L, 0L, 0L, 0L, 1L, 0L, 1L, 
0L, 0L, 1L, 0L, 0L, 0L, 0L, 0L, 1L, 1L, 0L, 0L, 1L, 0L, 0L, 0L, 
1L, 0L, 0L, 1L, 0L, 0L, 0L, 1L), age = c(21L, 19L, 21L, 20L, 
19L, 19L, 22L, 19L, 19L, 19L, 21L, 20L, 21L, 20L, 20L, 21L, 21L, 
21L, 20L, 21L, 22L, 21L, 20L, 20L, 22L, 22L, 27L, 22L, 18L, 21L, 
20L, 22L, 21L, 20L, 20L, 19L, 19L, 19L, 19L, 21L, 20L, 22L, 19L, 
21L, 21L, 21L, 21L, 24L, 21L, 20L, 20L, 21L, 19L, 20L, 20L, 19L, 
20L, 21L, 21L, 20L, 19L, 21L, 23L, 21L, 22L, 21L, 21L, 22L, 19L, 
21L, 21L, 20L, 20L, 19L, 20L, 21L, 20L, 20L, 21L, 19L, 21L, 24L, 
21L, 23L, 21L, 19L, 19L, 20L, 20L, 21L, 21L, 21L, 19L, 19L, 20L, 
19L, 25L, 21L, 26L, 20L, 21L, 23L, 21L, 20L, 21L, 20L, 22L, 23L, 
21L, 22L, 22L, 19L, 20L, 21L, 19L, 19L, 24L, 21L, 20L, 21L, 24L, 
20L, 20L, 21L, 21L, 19L, 21L, 21L, 19L, 20L), birthplace = c(3L, 
1L, 4L, 1L, 6L, 3L, 1L, 4L, 3L, 5L, 1L, 3L, 2L, 6L, 3L, 4L, 4L, 
5L, 3L, 1L, 1L, 1L, 1L, 3L, 1L, 3L, 1L, 3L, 4L, 1L, 2L, 4L, 1L, 
5L, 3L, 7L, 5L, 1L, 1L, 4L, 1L, 3L, 5L, 4L, 4L, 3L, 1L, 4L, 5L, 
1L, 1L, 1L, 2L, 1L, 1L, 3L, 4L, 4L, 6L, 1L, 4L, 6L, 3L, 3L, 1L, 
2L, 1L, 1L, 2L, 1L, 1L, 1L, 4L, 5L, 1L, 1L, 3L, 4L, 5L, 1L, 3L, 
2L, 3L, 1L, 2L, 3L, 7L, 1L, 1L, 1L, 5L, 3L, 3L, 4L, 4L, 1L, 1L, 
2L, 1L, 6L, 6L, 4L, 3L, 4L, 3L, 3L, 1L, 1L, 1L, 3L, 4L, 3L, 4L, 
3L, 1L, 7L, 1L, 4L, 1L, 2L, 1L, 2L, 2L, 1L, 2L, 3L, 1L, 3L, 1L, 
1L), shoesize = c(42, 42, 45, 46, 45, 46, 43, 48, 39, 43, 43, 
49, 38, 44, 43, 42, 42, 43, 45, 45, 42, 41, 44, 45, 45, 41, 42, 
47, 47, 42, 42, 43, 42, 44, 36, 43, 43, 38, 42, 44, 44, 43.5, 
39, 46, 42, 42, 43, 45, 45, 46, 44, 37, 43, 37, 39, 41, 47, 47, 
40, 43, 41, 44, 43, 43, 44, 43, 44, 37, 41, 44, 43, 44.5, 39, 
36, 40, 45, 40, 47, 44, 41, 42, 42, 43, 43, 40, 37, 45, 45, 44, 
44, 45, 43, 44, 43, 44, 40, 43, 43, 44, 45, 43, 45, 44, 38, 42, 
38, 44, 46, 40, 46, 47, 42, 43, 42, 38, 37, 42, 46, 38, 44, 45, 
44, 39, 44, 43, 38, 44, 43, 45, 38), service = c(0L, 0L, 2L, 
0L, 0L, 0L, 0L, 0L, 0L, 0L, 2L, 0L, 0L, 0L, 0L, 1L, 2L, 0L, 0L, 
0L, 0L, 0L, 2L, 0L, 0L, 0L, 2L, 0L, 0L, 0L, 0L, 2L, 2L, 2L, 0L, 
0L, 0L, 0L, 0L, 0L, 1L, 3L, 0L, 0L, 3L, 0L, 2L, 3L, 2L, 2L, 2L, 
0L, 0L, 0L, 0L, 0L, 0L, 2L, 0L, 2L, 3L, 2L, 0L, 2L, 2L, 2L, 1L, 
0L, 0L, 2L, 2L, 2L, 0L, 0L, 0L, 0L, 0L, 0L, 2L, 0L, 2L, 2L, 1L, 
2L, 2L, 0L, 0L, 0L, 2L, 2L, 0L, 3L, 0L, 0L, 0L, 0L, 0L, 2L, 2L, 
0L, 0L, 2L, 0L, 0L, 2L, 0L, 2L, 2L, 0L, 0L, 0L, 1L, 0L, 2L, 0L, 
0L, 0L, 3L, 0L, 2L, 2L, 3L, 0L, 1L, 3L, 0L, 2L, 2L, 0L, 0L), 
    smoking = c(0L, 0L, 0L, 0L, 0L, 0L, 0L, 0L, 0L, 0L, 0L, 1L, 
    0L, 0L, 0L, 0L, 0L, 0L, 0L, 0L, 1L, 0L, 0L, 0L, 0L, 0L, 0L, 
    0L, 0L, 0L, 0L, 0L, 0L, 0L, 0L, 0L, 0L, 0L, 0L, 0L, 0L, 1L, 
    1L, 0L, 0L, 0L, 0L, 0L, 0L, 1L, 0L, 0L, 0L, 0L, 1L, 0L, 0L, 
    0L, 0L, 0L, 1L, 0L, 0L, 1L, 0L, 0L, 0L, 0L, 0L, 0L, 0L, 0L, 
    0L, 0L, 0L, 0L, 0L, 1L, 0L, 0L, 1L, 0L, 1L, 1L, 0L, 0L, 0L, 
    0L, 0L, 1L, 1L, 1L, 0L, 0L, 0L, 1L, 0L, 0L, 0L, 0L, 1L, 1L, 
    0L, 0L, 0L, 0L, 0L, 0L, 0L, 0L, 1L, 0L, 0L, 0L, 0L, 0L, 0L, 
    0L, 0L, 0L, 1L, 1L, 0L, 0L, 0L, 0L, 0L, 0L, 0L, 0L), avgrade = c(1.7, 
    1.9, 1.8, 1.5, 1.2, 1.7, 1.8, 1.7, 1, 1.1, 2.2, 1, 2.2, 1.9, 
    1.9, 1.8, 1.9, 1.1, 1.8, 1.8, 1.9, 1.8, 2.3, 1.6, 2, 2, 3.5, 
    1.4, 1, 2.3, 2.2, 1.7, 2.2, 1.4, 2.1, 2.1, 2, 1.1, 1.7, 1.1, 
    1.3, 2, 2.2, 2.4, 1.5, 1.8, 2, 2.2, 1.1, 1.5, 1.8, 2.1, 1, 
    1, 2.1, 1.8, 1.8, 1.5, 1.6, 2.5, 1.7, 1.6, 2.1, 1.8, 1.9, 
    1.3, 1.8, 1.9, 1.7, 1.2, 1.7, 2.2, 1.4, 1.3, 1.7, 2.5, 2.3, 
    1.9, 2.1, 1.7, 1.7, 2.7, 1.8, 1.3, 2.1, 1.3, 1.1, 1.8, 1.4, 
    2.1, 2, 1.7, 1.2, 1, 1.3, 2.3, 3.4, 1.4, 1.6, 1.4, 2.2, 2, 
    2.3, 2, 1.6, 2, 1.9, 2.7, 1.9, 2.6, 2.1, 1.5, 1.8, 1.1, 1.2, 
    1.3, 1.4, 1.6, 2.4, 1.2, 2.3, 1.6, 1.4, 1, 2.1, 2.1, 1, 1.6, 
    1, 1.3), bafög = c(1L, 0L, 0L, 0L, 0L, 0L, 0L, 0L, 0L, 0L, 
    0L, 0L, 0L, 1L, 0L, 1L, 0L, 0L, 0L, 0L, 1L, 0L, 0L, 0L, 0L, 
    0L, 0L, 0L, 0L, 0L, 0L, 0L, 0L, 0L, 0L, 0L, 0L, 0L, 1L, 0L, 
    1L, 0L, 0L, 0L, 1L, 0L, 0L, 0L, 0L, 0L, 0L, 0L, 0L, 0L, 0L, 
    0L, 1L, 1L, 0L, 0L, 0L, 0L, 0L, 0L, 0L, 1L, 1L, 0L, 0L, 0L, 
    1L, 0L, 0L, 0L, 0L, 0L, 1L, 0L, 0L, 0L, 0L, 0L, 0L, 0L, 0L, 
    0L, 0L, 0L, 0L, 0L, 0L, 0L, 0L, 0L, 0L, 0L, 0L, 0L, 0L, 1L, 
    0L, 1L, 1L, 0L, 0L, 0L, 1L, 0L, 0L, 0L, 0L, 1L, 1L, 1L, 0L, 
    0L, 1L, 1L, 0L, 0L, 1L, 0L, 0L, 0L, 0L, 0L, 0L, 0L, 0L, 0L
    ), soccer = c(2L, 0L, 6L, 6L, 0L, 1L, 1L, 1L, 2L, 3L, 3L, 
    2L, 2L, 4L, 6L, 2L, 4L, 1L, 0L, 1L, 1L, 2L, 1L, 1L, 2L, 3L, 
    2L, 4L, 2L, 4L, 0L, 5L, 6L, 3L, 1L, 1L, 4L, 2L, 4L, 1L, 6L, 
    0L, 3L, 2L, 0L, 0L, 2L, 1L, 1L, 1L, 1L, 1L, 2L, 0L, 0L, 2L, 
    2L, 1L, 2L, 3L, 6L, 2L, 2L, 5L, 1L, 2L, 3L, 0L, 0L, 0L, 2L, 
    2L, 2L, 0L, 2L, 0L, 6L, 0L, 2L, 0L, 0L, 1L, 2L, 0L, 1L, 2L, 
    2L, 2L, 3L, 2L, 3L, 2L, 2L, 1L, 3L, 3L, 1L, 1L, 2L, 4L, 1L, 
    1L, 2L, 0L, 3L, 0L, 1L, 1L, 0L, 3L, 1L, 4L, 6L, 2L, 2L, 1L, 
    3L, 6L, 0L, 1L, 3L, 1L, 2L, 1L, 6L, 0L, 1L, 1L, 2L, 1L), 
    applynumb = c(3L, 2L, 4L, 7L, 3L, 3L, 8L, 5L, 1L, 3L, 5L, 
    6L, 6L, 15L, 2L, 3L, 3L, 1L, 4L, 7L, 8L, 2L, 3L, 3L, 13L, 
    20L, 1L, 2L, 3L, 4L, 4L, 3L, 4L, 4L, 2L, 4L, 2L, 4L, 10L, 
    1L, 1L, 3L, 5L, 6L, 1L, 3L, 8L, 10L, 4L, 12L, 5L, 2L, 1L, 
    2L, 2L, 4L, 2L, 1L, 3L, 7L, 3L, 5L, 7L, 2L, 11L, 2L, 4L, 
    3L, 14L, 1L, 5L, 5L, 4L, 3L, 3L, 1L, 4L, 6L, 8L, 4L, 4L, 
    15L, 4L, 1L, 8L, 3L, 1L, 5L, 2L, 3L, 6L, 2L, 3L, 2L, 3L, 
    5L, 3L, 1L, 5L, 4L, 3L, 10L, 4L, 5L, 1L, 8L, 2L, 3L, 20L, 
    8L, 1L, 1L, 4L, 3L, 4L, 1L, 1L, 3L, 4L, 2L, 5L, 3L, 1L, 4L, 
    7L, 8L, 3L, 1L, 3L, 3L), acceptnumb = c(3L, 2L, 4L, 7L, 3L, 
    3L, 7L, 4L, 1L, 3L, 4L, 4L, 5L, 13L, 2L, 2L, 2L, 1L, 4L, 
    6L, 8L, 2L, 2L, 3L, 10L, 20L, 1L, 2L, 3L, 4L, 4L, 3L, 3L, 
    4L, 2L, 3L, 2L, 4L, 10L, 1L, 1L, 2L, 3L, 5L, 1L, 3L, 6L, 
    8L, 4L, 12L, 4L, 2L, 1L, 2L, 2L, 4L, 2L, 1L, 3L, 3L, 2L, 
    5L, 6L, 2L, 10L, 2L, 4L, 3L, 13L, 1L, 5L, 2L, 4L, 3L, 3L, 
    1L, 4L, 6L, 6L, 3L, 4L, 10L, 4L, 1L, 8L, 3L, 1L, 5L, 2L, 
    3L, 5L, 2L, 3L, 2L, 3L, 4L, 3L, 1L, 4L, 4L, 3L, 10L, 2L, 
    5L, 1L, 6L, 2L, 3L, 20L, 8L, 1L, 1L, 4L, 3L, 4L, 1L, 1L, 
    3L, 3L, 2L, 3L, 3L, 1L, 4L, 5L, 4L, 3L, 1L, 3L, 3L), car = c(0L, 
    0L, 0L, 1L, 0L, 1L, 0L, 0L, 0L, 0L, 1L, 0L, 0L, 0L, 0L, 1L, 
    0L, 0L, 0L, 0L, 1L, 0L, 0L, 0L, 0L, 1L, 1L, 0L, 1L, 0L, 1L, 
    0L, 0L, 0L, 0L, 0L, 0L, 0L, 0L, 0L, 0L, 0L, 0L, 0L, 0L, 0L, 
    1L, 0L, 0L, 0L, 0L, 1L, 0L, 1L, 0L, 0L, 1L, 0L, 0L, 1L, 0L, 
    0L, 0L, 0L, 1L, 1L, 1L, 1L, 0L, 1L, 0L, 0L, 0L, 0L, 0L, 0L, 
    1L, 1L, 0L, 0L, 0L, 0L, 0L, 0L, 0L, 0L, 0L, 0L, 1L, 0L, 0L, 
    1L, 0L, 0L, 0L, 0L, 1L, 0L, 0L, 0L, 0L, 0L, 0L, 0L, 1L, 0L, 
    0L, 0L, 0L, 1L, 0L, 0L, 0L, 0L, 0L, 0L, 0L, 0L, 0L, 0L, 1L, 
    0L, 1L, 0L, 0L, 0L, 0L, 1L, 0L, 0L), sleep = c(7, 8, 7, 8, 
    7.5, 8, 7.5, 9, 7, 6, 6.5, 8, 7.5, 8, 7, 6.5, 8, 8, 8, 8, 
    7, 6, 9, 7, 8, 7, 8, 8, 7.5, 7, 7.5, 7, 8.5, 6, 9, 8, 8, 
    8, 6, 7, 8, 9.5, 8.5, 8, 7, 7, 8, 8, 7, 8, 8, 8, 8.5, 8, 
    7, 8, 8.5, 7, 9, 7, 8, 7, 7, 8, 12, 7.5, 7, 7, 7.5, 8, 7.5, 
    9, 7, 5, 8, 6, 7, 6, 7, 10, 8, 9, 7, 7, 6, 8, 7, 10, 7, 8, 
    8, 7, 7, 8, 7, 6, 7, 8, 8, 8, 6, 8, 6, 7, 8, 6, 7, 9, 8, 
    9, 7, 7.5, 7.5, 8, 6.5, 7.5, 7, 7.5, 8, 8, 8, 9, 8, 8, 7, 
    7, 7, 8, 9, 8.5),